   1.3000000e+00   4.8857387e+01   1.6060651e+00
   1.4133333e+00   2.9317820e+01   1.7287199e+00
   1.5040000e+00   1.8843131e+01   1.8500587e+00
   1.5800000e+00   3.1046264e+01   1.7376229e+00
   1.6240000e+00   4.1108314e+01   1.6821541e+00
   1.6720000e+00   2.3045371e+01   1.8056368e+00
   1.6600000e+00   2.7114932e+01   1.7662280e+00
   1.6880000e+00   2.5360553e+01   1.7728193e+00
   1.6720000e+00   3.6173062e+01   1.6564309e+00
   1.6920000e+00   3.6421311e+01   1.6623220e+00
   1.7000000e+00   3.7050871e+01   1.6131730e+00
   1.7240000e+00   3.7556480e+01   1.6007742e+00
   1.7680000e+00   4.7323608e+01   1.5205242e+00
   1.8560000e+00   5.5749303e+01   1.4867746e+00
   1.8800000e+00   5.2015344e+01   1.5020243e+00
   1.8840000e+00   6.2085617e+01   1.5133434e+00
   1.8480000e+00   5.4947400e+01   1.4826569e+00
   1.7520000e+00   5.8493236e+01   1.4906339e+00
   1.6240000e+00   5.3267726e+01   1.4986709e+00
   1.5480000e+00   5.1711578e+01   1.4660859e+00
   1.5040000e+00   6.3563123e+01   1.4907779e+00
   1.4400000e+00   7.1452061e+01   1.8184767e+00
   1.4680000e+00   7.6039891e+01   2.1064775e+00
   1.4280000e+00   6.4473129e+01   1.6353185e+00
   1.4200000e+00   6.8829826e+01   1.7711947e+00
   1.3560000e+00   6.7714005e+01   1.6364280e+00
   1.4120000e+00   7.3087678e+01   1.9369372e+00
   1.3680000e+00   7.4826034e+01   2.0430423e+00
   1.4160000e+00   7.2739733e+01   1.9382988e+00
   1.4000000e+00   7.3833978e+01   2.0147718e+00
   1.4520000e+00   7.0992828e+01   1.8745856e+00
   1.4360000e+00   6.5716503e+01   1.6387199e+00
   1.4800000e+00   7.1646647e+01   1.8595967e+00
   1.5600000e+00   6.9461031e+01   1.7974135e+00
   1.6640000e+00   7.2033519e+01   1.8909824e+00
   1.7360000e+00   6.5743718e+01   1.6861361e+00
   1.8360000e+00   6.4955443e+01   1.6071426e+00
   1.8840000e+00   6.3305712e+01   1.6041598e+00
   1.8800000e+00   5.6687724e+01   1.4985425e+00
   1.9320000e+00   5.5888054e+01   1.4346740e+00
   1.9520000e+00   5.8027072e+01   1.4629957e+00
   1.9480000e+00   4.5993817e+01   1.4949151e+00
   1.9880000e+00   4.4203206e+01   1.5461293e+00
   2.0120000e+00   5.3593533e+01   1.5179190e+00
   1.8920000e+00   4.4142733e+01   1.5706810e+00
   1.9040000e+00   2.8618088e+01   1.6894801e+00
   1.9120000e+00   3.2391586e+01   1.6063881e+00
   1.8200000e+00   3.1542955e+01   1.6924950e+00
   1.5720000e+00   3.0893783e+01   1.7085682e+00
   1.4440000e+00   3.5170965e+01   1.6838037e+00
   1.3520000e+00   3.1471351e+01   1.6600762e+00
   1.3200000e+00   3.3403955e+01   1.5529764e+00
   1.3640000e+00   2.9532828e+01   1.6957573e+00
   1.6320000e+00   1.5133421e+01   1.8340163e+00
   1.8560000e+00   2.2201349e+01   1.7752797e+00
   1.9240000e+00   1.9654601e+01   1.7696240e+00
   1.9440000e+00   2.7472420e+01   1.7062369e+00
   2.0080000e+00   4.0423500e+01   1.5724144e+00
   1.9920000e+00   2.7535195e+01   1.6558589e+00
   1.9720000e+00   3.1880629e+01   1.6284772e+00
   1.9640000e+00   3.5015513e+01   1.6223501e+00
   1.9320000e+00   4.3137207e+01   1.4998326e+00
   1.8960000e+00   4.5474299e+01   1.4827299e+00
   1.9080000e+00   4.4765149e+01   1.4916456e+00
   1.9560000e+00   4.8656142e+01   1.4494503e+00
   2.0560000e+00   4.3947198e+01   1.4589266e+00
   2.1040000e+00   4.8571237e+01   1.4380130e+00
   2.1600000e+00   5.5910481e+01   1.4450319e+00
   2.1200000e+00   6.5014574e+01   1.5084349e+00
   2.0160000e+00   5.8294353e+01   1.4242189e+00
   1.8560000e+00   6.0148324e+01   1.4453509e+00
   1.7960000e+00   6.2033423e+01   1.5117228e+00
   1.7040000e+00   6.6946921e+01   1.5747392e+00
   1.6560000e+00   6.1750153e+01   1.4879104e+00
   1.6160000e+00   6.9655257e+01   1.6763013e+00
   1.5720000e+00   6.9089933e+01   1.6281533e+00
   1.5160000e+00   7.2543117e+01   1.7964911e+00
   1.5040000e+00   6.6158298e+01   1.5383667e+00
   1.5080000e+00   7.0254329e+01   1.6637144e+00
   1.5040000e+00   7.0006608e+01   1.7166582e+00
   1.5640000e+00   6.7998958e+01   1.6270093e+00
   1.5760000e+00   7.2443068e+01   1.7778346e+00
   1.5600000e+00   7.0180976e+01   1.6963725e+00
   1.5920000e+00   7.5200882e+01   1.9424808e+00
   1.6680000e+00   7.5268642e+01   1.9987817e+00
   1.7200000e+00   6.9322364e+01   1.7303996e+00
   1.8240000e+00   6.3321429e+01   1.5189434e+00
   1.9360000e+00   6.5826728e+01   1.5315829e+00
   2.0440000e+00   6.5749956e+01   1.5692546e+00
   2.1240000e+00   6.7118170e+01   1.6089544e+00
   2.1720000e+00   5.4897124e+01   1.4438336e+00
   2.1920000e+00   5.3814204e+01   1.4550157e+00
   2.1960000e+00   4.3090407e+01   1.5081904e+00
   2.1680000e+00   5.2779958e+01   1.4718227e+00
   2.1520000e+00   5.3123471e+01   1.4381794e+00
   2.1680000e+00   4.3264702e+01   1.4956036e+00
   2.0600000e+00   5.2165982e+01   1.4605027e+00
   2.0960000e+00   5.0094973e+01   1.4794610e+00
   2.0600000e+00   4.4363413e+01   1.4379521e+00
   1.9520000e+00   3.9748934e+01   1.5550879e+00
   1.6760000e+00   2.8826898e+01   1.7025742e+00
   1.5320000e+00   3.2275803e+01   1.7049009e+00
   1.3760000e+00   2.9664116e+01   1.6280491e+00
   1.3360000e+00   2.5523806e+01   1.6496280e+00
   1.4000000e+00   1.9228050e+01   1.8237254e+00
   1.6360000e+00   2.6449263e+01   1.7717130e+00
   1.8800000e+00   3.5121108e+01   1.6483272e+00
   1.9600000e+00   2.7170552e+01   1.7232792e+00
   2.0120000e+00   2.6600002e+01   1.6820640e+00
   2.0400000e+00   2.0615195e+01   1.7476063e+00
   2.0560000e+00   2.6162826e+01   1.7602346e+00
   2.0440000e+00   3.1140474e+01   1.7022306e+00
   2.0360000e+00   3.0969435e+01   1.6722997e+00
   2.0320000e+00   4.5515178e+01   1.5575449e+00
   2.0560000e+00   4.8225606e+01   1.5389817e+00
   2.0800000e+00   4.6337609e+01   1.5286625e+00
   2.1240000e+00   5.5332627e+01   1.4982324e+00
   2.2480000e+00   5.9602769e+01   1.5303001e+00
   2.3040000e+00   5.4699279e+01   1.4756830e+00
   2.2760000e+00   5.1496014e+01   1.4744548e+00
   2.2360000e+00   5.6133150e+01   1.4844093e+00
   2.1400000e+00   6.3699407e+01   1.5489347e+00
   1.9640000e+00   5.5131341e+01   1.5061369e+00
   1.8200000e+00   6.0212905e+01   1.5285467e+00
   1.7360000e+00   7.1586036e+01   1.8043017e+00
   1.6520000e+00   7.1251953e+01   1.7951354e+00
   1.6000000e+00   6.7617407e+01   1.6874979e+00
   1.5640000e+00   7.1581312e+01   1.8741351e+00
   1.5080000e+00   7.4794674e+01   1.9900056e+00
   1.4720000e+00   6.8798523e+01   1.7513396e+00
   1.4400000e+00   7.8695208e+01   2.1068813e+00
   1.4120000e+00   7.6011537e+01   2.0360824e+00
   1.3640000e+00   7.8500615e+01   2.2024809e+00
   1.3640000e+00   7.4173196e+01   1.9616131e+00
   1.3400000e+00   7.4187232e+01   1.9992659e+00
   1.3640000e+00   7.7549178e+01   2.1364826e+00
   1.4000000e+00   7.5264942e+01   2.0506296e+00
   1.5080000e+00   6.8950747e+01   1.7527060e+00
   1.6720000e+00   7.4181300e+01   2.0072291e+00
   1.7720000e+00   6.3641215e+01   1.5815540e+00
   1.8600000e+00   6.3667141e+01   1.5874325e+00
   1.9520000e+00   6.9809216e+01   1.6991467e+00
   1.9840000e+00   5.7988696e+01   1.4888622e+00
   1.9800000e+00   5.2434477e+01   1.4961134e+00
   2.0080000e+00   5.6593066e+01   1.4970755e+00
   2.0040000e+00   5.0238472e+01   1.4847165e+00
   2.0000000e+00   5.4949035e+01   1.5173319e+00
   2.0200000e+00   4.0446049e+01   1.6077481e+00
   1.8800000e+00   4.3474196e+01   1.5828029e+00
   1.8880000e+00   4.2787934e+01   1.5943116e+00
   1.8720000e+00   4.3509260e+01   1.5272816e+00
   1.7960000e+00   3.3285631e+01   1.6760089e+00
   1.5720000e+00   2.5655454e+01   1.8074536e+00
   1.4440000e+00   2.1045959e+01   1.8628909e+00
   1.3360000e+00   2.5341497e+01   1.7738551e+00
   1.2760000e+00   3.2376012e+01   1.6713615e+00
   1.3200000e+00   2.4846347e+01   1.7721685e+00
   1.5240000e+00   2.1475390e+01   1.8309820e+00
   1.7640000e+00   2.2682113e+01   1.8047431e+00
   1.8560000e+00   2.4906372e+01   1.7913530e+00
   1.9320000e+00   2.7486666e+01   1.7714338e+00
   1.9400000e+00   2.3933325e+01   1.7790984e+00
   1.9320000e+00   4.3227184e+01   1.6387443e+00
   1.9160000e+00   3.0180099e+01   1.7110258e+00
   1.8640000e+00   3.8927696e+01   1.6360437e+00
   1.8280000e+00   3.7168014e+01   1.6272863e+00
   1.8480000e+00   4.4716215e+01   1.5668711e+00
   1.8680000e+00   4.0792741e+01   1.5754336e+00
   1.9120000e+00   3.3648370e+01   1.6174608e+00
   2.0040000e+00   4.7284292e+01   1.5252404e+00
   2.0920000e+00   5.5884777e+01   1.5041842e+00
   2.0880000e+00   5.1853994e+01   1.4867960e+00
   2.0400000e+00   6.0063064e+01   1.5081728e+00
   1.9560000e+00   5.2339110e+01   1.4783626e+00
   1.8320000e+00   6.3878731e+01   1.5506837e+00
   1.6600000e+00   5.8238335e+01   1.5195555e+00
   1.5880000e+00   6.9336854e+01   1.6863047e+00
   1.5360000e+00   7.3551101e+01   1.8724995e+00
   1.4880000e+00   7.4738164e+01   1.9847676e+00
   1.4680000e+00   6.5947927e+01   1.6587031e+00
   1.4560000e+00   7.1334881e+01   1.8546202e+00
   1.4240000e+00   7.1141550e+01   1.8035265e+00
   1.4080000e+00   7.5409788e+01   1.9492014e+00
   1.4000000e+00   7.5158515e+01   1.9847730e+00
   1.3920000e+00   7.9663930e+01   2.2660185e+00
   1.3960000e+00   7.7920479e+01   2.1367240e+00
   1.3800000e+00   7.8564154e+01   2.1627606e+00
   1.4000000e+00   7.3142039e+01   1.9201543e+00
   1.4600000e+00   7.0984357e+01   1.8280461e+00
   1.5360000e+00   7.0513500e+01   1.7864407e+00
   1.6920000e+00   7.2908051e+01   1.8478072e+00
   1.8200000e+00   6.6596026e+01   1.6552190e+00
   1.9160000e+00   6.2529187e+01   1.6705178e+00
   1.9840000e+00   6.2864055e+01   1.6197253e+00
   2.0440000e+00   6.0265150e+01   1.6050127e+00
   2.0320000e+00   5.5407070e+01   1.5233001e+00
   2.0600000e+00   6.0006363e+01   1.4752440e+00
   2.0600000e+00   5.2128235e+01   1.5319615e+00
   2.0400000e+00   4.6951948e+01   1.5502453e+00
   2.0520000e+00   4.4069669e+01   1.5906122e+00
   1.9120000e+00   4.6698442e+01   1.5488596e+00
   1.8840000e+00   4.8128215e+01   1.5872536e+00
   1.9040000e+00   4.6999501e+01   1.5143189e+00
   1.8640000e+00   4.2177032e+01   1.6213904e+00
   1.6640000e+00   3.9441523e+01   1.6963193e+00
   1.6533333e+00   3.5788075e+01   1.7325625e+00
   1.1200000e+00   3.9254534e+01   1.6747022e+00
